#Processes;Avg. FT;L2 NormAvg CS;Avg TP 
5;13.2;29.5296;1;0.0757576;1
30;53.5667;320.769;1.66667;0.0186683;2
55;45.4182;390.748;1.45455;0.0220176;5
80;19.3125;199.422;1.575;0.0517799;7
105;21.5905;262.589;1.46667;0.0463167;11
130;21.9846;326.046;1.45385;0.0454864;14
155;16.4839;236.028;1.46452;0.0606654;16
180;16.1722;255.658;1.51111;0.0618344;17
205;104.678;1726.22;1.56098;0.0095531;18
230;22.1957;396.798;1.47391;0.0450539;23
255;24.2745;484.207;1.4902;0.0411955;27
280;19.0214;388.497;1.49643;0.0525723;29
305;23.659;530.232;1.4918;0.0422672;32
330;14.9061;311.183;1.50303;0.0670868;32
355;15.0141;347.526;1.49859;0.0666041;36
380;14.5395;374.891;1.48684;0.0687783;38
405;7.82716;176.409;1.51358;0.12776;39
430;9.25116;215.332;1.5;0.108095;46
455;7.98901;191.319;1.49011;0.125172;46
480;7.67083;188.934;1.49583;0.130364;48
505;7.51683;189.056;1.49703;0.133035;51
530;7.50377;195.655;1.5566;0.133266;50
555;7.47928;197.578;1.54414;0.133703;53
580;11.6276;390.079;1.51897;0.0860024;56
605;7.50579;207.275;1.49421;0.133231;60
630;7.66032;215.94;1.52857;0.130543;61
655;7.38321;209.394;1.49924;0.135443;65
680;7.63971;226.824;1.5;0.130895;67
705;7.51631;226.541;1.50071;0.133044;70
730;7.54384;229.811;1.49726;0.132559;75
755;7.32583;224.002;1.56556;0.136503;69
780;7.46923;233.465;1.49744;0.133883;80
805;7.57516;253.073;1.50807;0.13201;79
830;7.75663;250.088;1.49759;0.128922;84
855;7.3076;236.051;1.50058;0.136844;87
880;7.23636;238.16;1.5;0.138191;88
905;7.38564;247.992;1.56243;0.135398;83
930;8.04409;301.703;1.52688;0.124315;89
955;7.39895;257.787;1.50052;0.135154;95
980;7.62041;269.169;1.49796;0.131227;99
1005;7.78507;278.262;1.50547;0.128451;99
1030;7.49417;269.605;1.50291;0.133437;102
1055;7.7782;287.291;1.5109;0.128564;104
1080;7.6287;282.278;1.50093;0.131084;112
1105;7.52579;283.069;1.51584;0.132876;107
1130;7.4469;280.747;1.53717;0.134284;107
1155;7.51255;286.69;1.4961;0.133111;120
1180;7.72712;299.079;1.5;0.129414;124
1205;7.49959;292.443;1.51535;0.133341;118
1230;7.5374;297.609;1.52927;0.132672;119
1255;9.62311;411.054;1.49801;0.103917;125
1280;8.35547;344.629;1.51094;0.119682;125
1305;8.08123;330.282;1.55479;0.123744;119
1330;7.86692;330.698;1.56541;0.127115;123
1355;7.72915;318.529;1.50037;0.12938;136
1380;7.4529;312.904;1.5529;0.134176;128
1405;7.72669;328.503;1.49893;0.129422;140
1430;7.75245;332.779;1.4979;0.128992;145
1455;7.92509;340.803;1.53952;0.126182;138
1480;8.07432;350.602;1.49932;0.123849;158
1505;7.55482;327.332;1.49701;0.132366;150
1530;7.51895;328.28;1.49542;0.132997;162
1555;9.79743;477.832;1.51833;0.102068;151
1580;7.70253;351.588;1.5;0.129827;157
1605;7.74143;346.492;1.49969;0.129175;162
1630;7.42454;334.903;1.49816;0.134688;164
1655;7.67553;361.105;1.49849;0.130284;174
1680;7.66131;353.147;1.50119;0.130526;167
1705;7.53196;347.255;1.52493;0.132767;166
1730;7.77283;375.985;1.52139;0.128653;169
1755;7.88889;369.141;1.50028;0.126761;175
1780;7.49326;354.846;1.5;0.133453;177
1805;7.65208;364.714;1.49806;0.130683;188
1830;7.57377;367.459;1.50219;0.132035;182
1855;7.58976;368.232;1.50027;0.131757;186
1880;7.4117;358.748;1.5;0.134922;198
1905;7.96325;403.381;1.49711;0.125577;192
1930;7.44352;366.511;1.5114;0.134345;191
1955;7.95448;398.917;1.50128;0.125715;194
1980;7.43333;368.331;1.51566;0.134529;195
2005;7.98304;431.534;1.50973;0.125266;197
2030;7.89064;420.695;1.54384;0.126732;194
2055;7.5601;398.234;1.52652;0.132273;200
2080;7.81875;407.378;1.50529;0.127898;206
2105;7.64893;398.313;1.49739;0.130737;214
2130;7.32723;378.897;1.5385;0.136477;204
2155;7.42227;385.773;1.51926;0.13473;211
2180;7.39679;387.349;1.5;0.135194;221
2205;9.81406;564.009;1.49841;0.101895;222
2230;7.64081;407.285;1.4991;0.130876;222
2255;7.64479;415.041;1.49889;0.130808;233
2280;8.3114;454.429;1.49956;0.120317;227
2305;7.80304;422.665;1.52581;0.128155;223
2330;7.95665;449.694;1.50858;0.125681;230
2355;7.46837;408.6;1.50446;0.133898;234
2380;7.87395;461.56;1.50714;0.127001;235
2405;8.02204;449.358;1.49896;0.124657;241
2430;7.62099;430.598;1.52634;0.131217;235
2455;7.4;413.494;1.49898;0.135135;246
2480;7.51815;416.35;1.49839;0.133012;249
2505;7.34491;411.029;1.4978;0.136149;256
2530;7.75929;442.926;1.51028;0.128878;249
2555;7.71937;455.67;1.49785;0.129544;258
2580;7.30698;410.943;1.49961;0.136856;257
2605;7.67179;446.792;1.49904;0.130348;261
2630;7.36046;420.259;1.49886;0.135861;263
2655;7.58267;438.162;1.50433;0.13188;263
2680;7.95746;459.9;1.49963;0.125668;270
2705;9.01922;580.047;1.4976;0.110874;274
2730;7.56886;440.937;1.49963;0.13212;276
2755;7.63412;448.761;1.49873;0.130991;277
2780;7.45791;440.524;1.49964;0.134086;282
2805;7.60891;465.423;1.52299;0.131425;274
2830;7.44841;441.981;1.51519;0.134257;277
2855;7.49492;446.103;1.50858;0.133424;282
2880;7.45139;466.097;1.51562;0.134203;282
2905;8.7401;659.216;1.49983;0.114415;291
2930;7.71092;471.704;1.49966;0.129686;294
2955;7.76954;474.372;1.49915;0.128708;303
2980;7.30134;443.658;1.50537;0.136961;296
3005;7.34443;454.577;1.5218;0.136158;292
3030;7.32541;448.988;1.5;0.136511;304
3055;7.85041;493.211;1.49951;0.127382;308
3080;7.71851;483.898;1.4987;0.129559;311
3105;7.74718;498.003;1.49919;0.129079;311
3130;7.72748;501.216;1.50383;0.129408;311
3155;7.62916;490.339;1.53059;0.131076;304
3180;7.63428;490.484;1.49937;0.130988;318
3205;7.40624;469.139;1.49953;0.135021;325
3230;7.59288;486.371;1.49969;0.131702;328
3255;7.65714;501.667;1.49923;0.130597;342
3280;7.44116;477.986;1.5128;0.134388;323
3305;7.45719;479.337;1.49894;0.134099;330
3330;7.69279;496.767;1.5033;0.129992;331
3355;7.4608;482.385;1.52697;0.134034;325
3380;7.65947;516.067;1.5;0.130557;344
3405;7.73216;519.163;1.50015;0.12933;340
3430;7.70321;509.239;1.50991;0.129816;338
3455;7.55514;501.889;1.49928;0.13236;350
3480;7.58247;503.328;1.51753;0.131883;341
3505;7.55578;502.68;1.50271;0.132349;349
3530;7.51076;498.561;1.5;0.133142;355
3555;7.58678;509.601;1.49677;0.131808;366
3580;9.91676;703.842;1.49972;0.100839;361
3605;7.47739;501.98;1.49958;0.133736;361
3630;7.67879;523.215;1.50551;0.130229;360
3655;7.7554;527.79;1.50014;0.128942;366
3680;7.93995;544.435;1.49973;0.125945;372
3705;7.50931;517.409;1.52578;0.133168;361
3730;7.58606;526.661;1.50349;0.131821;371
3755;7.72836;540.441;1.49987;0.129394;379
3780;7.71138;541.527;1.50265;0.129679;376
3805;8.30565;608.754;1.50355;0.1204;378
3830;8.57676;765.213;1.49817;0.116594;387
3855;7.55227;526.143;1.51725;0.132411;377
3880;7.69098;548.039;1.50232;0.130022;386
3905;7.65045;535.689;1.51959;0.130711;382
3930;7.85115;558.923;1.5112;0.12737;386
3955;7.76688;551.068;1.52415;0.128752;386
3980;7.55754;535.198;1.5;0.132318;410
4005;7.70162;549.757;1.49838;0.129843;401
4030;8.03052;587.22;1.49975;0.124525;407
4055;7.97065;583.283;1.5307;0.12546;392
4080;7.86078;566.007;1.49902;0.127214;409
4105;7.94056;575.305;1.50012;0.125936;416
4130;7.75157;570.999;1.49976;0.129006;417
4155;7.46185;538.895;1.51264;0.134015;409
4180;7.57775;552.084;1.50598;0.131965;415
4205;7.77574;577.059;1.5113;0.128605;416
4230;7.61466;556.917;1.50567;0.131326;420
4255;7.9067;606.09;1.51633;0.126475;417
4280;7.88855;606.435;1.49813;0.126766;434
4305;7.79698;582.05;1.50012;0.128255;431
4330;7.80947;596.995;1.49954;0.12805;439
4355;7.64455;570.871;1.49989;0.130812;437
4380;7.73904;590.272;1.49954;0.129215;445
4405;7.91669;594.011;1.49898;0.126315;441
4430;8.05869;626.567;1.51648;0.12409;436
4455;7.55825;575.786;1.49966;0.132306;446
4480;8.10446;657.1;1.50491;0.123389;445
4505;7.92386;628.298;1.50766;0.126201;446
4530;7.90199;609.615;1.49956;0.12655;453
4555;7.78551;595.138;1.50011;0.128444;458
4580;7.99345;644.233;1.52314;0.125102;446
4605;7.63496;579.942;1.51922;0.130976;449
4630;8.07905;621.765;1.49935;0.123777;463
4655;7.84812;610.03;1.51257;0.127419;460
4680;7.99402;657.092;1.50406;0.125094;465
4705;7.74857;634.365;1.50946;0.129056;465
4730;7.67653;592.805;1.49873;0.130267;476
4755;8.13144;653.458;1.49989;0.122979;480
4780;7.75439;612.474;1.50544;0.128959;475
4805;8.30447;724.752;1.49948;0.120417;488
4830;7.70952;614.271;1.50331;0.12971;481
4855;7.84985;620.42;1.49928;0.127391;485
4880;7.81168;618.357;1.50881;0.128013;482
4905;7.91437;628.046;1.51743;0.126352;482
4930;7.7002;624.508;1.5071;0.129867;488
4955;7.98446;681.996;1.52472;0.125243;482
4980;7.95703;634.627;1.51627;0.125675;486
5005;7.69471;613.78;1.4999;0.129959;506
5030;7.76819;631.495;1.4992;0.12873;503
5055;7.62413;610.628;1.51395;0.131162;498
5080;7.83583;628.423;1.50315;0.127619;506
5105;8.03722;683.668;1.50323;0.124421;507
5130;7.73294;624.882;1.51345;0.129317;506
5155;8.1676;663.459;1.50824;0.122435;510
5180;8.03591;710.956;1.51544;0.124441;509
5205;7.95908;646.313;1.49875;0.125643;522
5230;7.81377;634.582;1.5;0.127979;529
5255;7.66013;623.929;1.4999;0.130546;527
5280;7.86875;659.419;1.49962;0.127085;528
5305;7.71574;629.549;1.49953;0.129605;533
5330;7.91276;650.187;1.50019;0.126378;532
5355;7.58375;627.596;1.49972;0.131861;542
5380;7.37546;608.666;1.51468;0.135585;528
5405;7.66568;638.645;1.49991;0.130452;540
5430;7.51492;626.393;1.49963;0.133069;549
5455;7.69954;640.64;1.49991;0.129878;553
5480;7.72573;648.05;1.49891;0.129438;549
5505;7.70954;646.303;1.51426;0.129709;543
5530;7.81989;658.413;1.49946;0.127879;556
5555;8.11917;697.306;1.50045;0.123165;554
5580;7.63513;640.141;1.51219;0.130974;551
5605;7.89224;678.052;1.50598;0.126707;556
5630;8.19183;723.591;1.49982;0.122073;566
5655;7.68895;661.496;1.49903;0.130057;569
5680;7.9294;674.308;1.50158;0.126113;566
5705;7.89255;671.682;1.51954;0.126702;558
5730;8.25305;721.08;1.50733;0.121167;568
5755;8.05404;697.608;1.50547;0.124161;572
5780;7.76644;670.981;1.52042;0.128759;567
5805;7.91645;701.011;1.4994;0.126319;580
5830;7.7259;666.74;1.51184;0.129435;575
5855;7.97267;692.705;1.4994;0.125428;585
5880;7.79218;679.07;1.49949;0.128334;596
5905;7.83522;680.617;1.51109;0.127629;582
5930;7.91113;687.228;1.49916;0.126404;600
5955;7.9953;698.299;1.49975;0.125074;608
5980;7.80502;683.447;1.49967;0.128123;607
6005;7.7249;680.478;1.50575;0.129452;596
6030;7.86949;690.551;1.49884;0.127073;608
6055;8.19141;740.328;1.49992;0.122079;618
6080;7.99441;708.671;1.51036;0.125087;601
6105;8.74283;841.285;1.49975;0.114379;611
6130;8.12023;734.506;1.51256;0.123149;605
6155;7.83786;699.933;1.52218;0.127586;602
6180;7.92994;706.275;1.5;0.126104;623
6205;8.03513;737.067;1.50121;0.124453;618
6230;8.0809;727.794;1.49888;0.123749;635
6255;8.0259;718.99;1.50536;0.124597;621
6280;8.45478;779.672;1.4992;0.118276;630
6305;7.95765;735.626;1.51959;0.125665;616
6330;7.86825;713.221;1.5;0.127093;643
6355;7.89048;710.484;1.50669;0.126735;630
6380;8.03589;725.474;1.5069;0.124442;633
6405;8.01702;732.947;1.49992;0.124735;655
6430;8.06532;751.855;1.49984;0.123988;649
6455;8.00108;753.12;1.49992;0.124983;645
6480;8.125;740.817;1.49985;0.123077;662
6505;7.91268;730.639;1.49854;0.126379;653
6530;7.98147;758.433;1.49969;0.12529;661
6555;8.43921;789.882;1.49992;0.118495;666
6580;7.92204;725.466;1.51125;0.12623;649
6605;7.89856;749.368;1.49992;0.126605;660
6630;7.98688;735.027;1.4997;0.125205;667
6655;7.73343;707.042;1.49992;0.129309;671
6680;8.47066;815.77;1.50165;0.118055;666
6705;8.11066;760.213;1.49888;0.123294;676
6730;8.03061;746.363;1.49955;0.124524;682
6755;8.00207;763.753;1.50007;0.124968;675
6780;7.95206;741.544;1.50398;0.125754;675
6805;7.76914;727.012;1.5133;0.128714;671
6830;7.95886;778.463;1.51435;0.125646;673
6855;8.1946;763.813;1.50562;0.122032;682
6880;8.10596;766.671;1.49985;0.123366;689
6905;8.3176;814.779;1.51962;0.120227;676
6930;7.9684;748.037;1.50216;0.125496;691
6955;8.40403;817.857;1.49993;0.118991;700
6980;7.72693;727.112;1.5;0.129417;703
7005;8.26181;788.046;1.49993;0.121039;704
7030;7.80711;735.929;1.499;0.128088;707
7055;8.31439;806.331;1.49993;0.120273;724
7080;8.06992;781.288;1.5048;0.123917;703
7105;8.13216;779.287;1.49951;0.122969;719
7130;8.23366;808.161;1.49958;0.121453;714
7155;8.50175;911.895;1.50203;0.117623;714
7180;8.16657;802.239;1.49958;0.12245;721
7205;7.83886;749.629;1.50798;0.12757;714
7230;8.68921;865.526;1.50622;0.115085;717
7255;8.20992;794.956;1.49993;0.121804;742
