#Processes;Avg. FT;L2 NormAvg CS;Avg TP 
5;43.4;103.165;1.4;0.0230415;2.98918
30;66.8;398.497;1.63333;0.0149701;7.43997
55;49.8545;395.907;1.67273;0.0200584;12.3299
80;69.825;698.869;1.6375;0.0143215;25.4599
105;65.619;768.587;1.54286;0.0152395;34.6244
130;56.4154;702.47;1.58462;0.0177257;38.8115
155;73.471;1096.62;1.70968;0.0136108;43.7951
180;60.65;887.227;1.63889;0.016488;49.9816
205;60.361;925.551;1.72683;0.016567;50.0856
230;58.1565;944.513;1.56957;0.017195;70.1453
255;98.1569;1856.73;1.78039;0.0101878;83.8523
280;540.407;19025.5;1.73214;0.00185046;180.143
305;67.082;1391.2;1.59016;0.0149071;102.276
330;90.703;2613.74;1.69697;0.011025;104.058
355;193.507;7150.36;1.7831;0.00516777;151.72
380;55.3974;1193.57;1.60789;0.0180514;108.799
405;31.9951;802.295;1.41235;0.0312548;100.382
430;28.8047;674.503;1.45581;0.0347166;112.21
455;28.3582;670.496;1.43956;0.0352631;115.187
480;26.4583;639.276;1.43333;0.0377953;117.775
505;24.7129;610.479;1.42574;0.0404647;119.165
530;28.9019;742.924;1.45094;0.0345998;132.881
555;24.6559;644.447;1.38919;0.0405583;135.436
580;28.2172;739.801;1.4569;0.0354393;137.976
605;27.5967;792.438;1.42975;0.0362362;148.047
630;27.6889;759.678;1.40635;0.0361156;160.781
655;31.0763;1004.37;1.43664;0.0321788;168.366
680;33.6809;1326.35;1.43382;0.0296904;176.769
705;33.1986;1035.5;1.48369;0.0301218;186
730;27.6644;805.104;1.45068;0.0361476;183.753
755;32.8424;974.256;1.49139;0.0304485;188.123
780;32.0346;1072.84;1.46538;0.0312162;199.478
805;30.641;943.512;1.4795;0.032636;206.709
830;34.3349;1386.87;1.45301;0.0291249;223.428
855;27.731;883.714;1.43626;0.0360607;216.573
880;37.6205;1253.62;1.53182;0.0265813;235.318
905;30.5624;987.719;1.44751;0.0327199;227.594
930;31.0022;1066.35;1.45376;0.0322558;225.645
955;30.4649;1053.12;1.45131;0.0328246;245.853
980;31.6102;1182.27;1.43673;0.0316354;255.352
1005;35.0716;1243.86;1.47562;0.0285131;276.546
1030;32.7553;1351.25;1.47087;0.0305294;268.539
1055;30.1886;1073.82;1.45687;0.0331251;269.058
1080;34.2259;1319.41;1.5;0.0292176;290.102
1105;27.5828;1016.57;1.42715;0.0362545;266.502
1130;26.7088;1004.48;1.42566;0.0374408;269.815
1155;31.632;1280.76;1.47879;0.0316135;296.122
1180;30.3686;1137.16;1.45678;0.0329287;305.838
1205;33.9577;1518.14;1.4722;0.0294484;313.297
1230;27.1659;1086.18;1.40813;0.0368109;300.672
1255;40.3888;2514.03;1.49801;0.0247593;337.807
1280;35.2586;1419;1.48359;0.0283619;332.005
1305;29.7364;1178.55;1.44291;0.0336288;304.852
1330;32.5887;1312.23;1.45263;0.0306855;337.041
1355;31.6266;1419.96;1.44723;0.031619;344.07
1380;30.4717;1235.78;1.45797;0.0328173;338.522
1405;37.5651;1716.31;1.47046;0.0266204;385.839
1430;33.7189;1459.66;1.47483;0.029657;379.32
1455;42.7718;1855.7;1.52027;0.0233799;395.386
1480;40.1068;1784.28;1.49527;0.0249335;428.925
1505;35.8239;1621.97;1.48771;0.0279143;401.104
1530;39.6078;1777.33;1.50392;0.0252475;454.885
1555;64.3209;3962.33;1.64502;0.015547;495.354
1580;28.957;1297.85;1.44304;0.034534;396.542
1605;45.6249;2036.41;1.57508;0.0219178;456.844
1630;36.6963;1802.17;1.47791;0.0272507;435.745
1655;49.6145;3027.02;1.55106;0.0201554;498.701
1680;64.0262;3217.26;1.6369;0.0156186;546.067
1705;30.0422;1411.17;1.43988;0.0332865;427.078
1730;43.0983;2017.79;1.54335;0.0232028;494.514
1755;36.1214;1724.02;1.47749;0.0276844;471.408
1780;46.4067;2387.48;1.55562;0.0215486;516.967
1805;36.6803;1789.4;1.48421;0.0272626;507.107
1830;36.8989;1800.05;1.4929;0.0271011;496.757
1855;49.5461;3401.6;1.54555;0.0201832;530.934
1880;48.1606;2991.31;1.52181;0.0207638;567.308
1905;46.3711;2364.1;1.54803;0.0215651;553.826
1930;44.7477;2249.59;1.55026;0.0223475;554.188
1955;39.1069;1981.56;1.50486;0.0255709;535.169
1980;44.5293;2217.05;1.55859;0.0224571;564.957
2005;41.194;2804.86;1.47581;0.0242754;552.497
2030;41.5581;2095.07;1.51034;0.0240627;560.052
2055;49.4433;2459.93;1.58102;0.0202252;608.115
2080;41.8423;2456.21;1.50529;0.0238993;568.045
2105;39.0532;2244.95;1.48551;0.0256061;583.414
2130;51.6014;2718.53;1.57606;0.0193793;640.669
2155;50.6413;2683.64;1.58515;0.0197467;625.207
2180;37.8936;2017.36;1.48073;0.0263897;590.7
2205;42.5642;3788.21;1.49932;0.0234939;611.669
2230;48.5664;2588.35;1.56368;0.0205904;657.3
2255;40.4847;2222.94;1.51264;0.0247007;632.666
2280;48.0917;2595.16;1.55307;0.0207936;671.486
2305;47.7857;2563.82;1.5744;0.0209268;659.277
2330;49.0034;2745.63;1.57296;0.0204067;680.389
2355;45.6862;2505.32;1.5448;0.0218884;676.112
2380;46.7034;2589.81;1.55084;0.0214117;679.056
2405;48.1609;2610.83;1.57048;0.0207637;719.936
2430;48.2679;2921.36;1.56543;0.0207177;701.406
2455;48.9711;3092.4;1.58086;0.0204202;707.131
2480;46.2964;2647.69;1.56452;0.0216;711.08
2505;45.2731;2517.69;1.54012;0.0220882;743.24
2530;56.4526;3340.65;1.58814;0.017714;793.903
2555;50.5033;3128.94;1.55734;0.0198007;768.434
2580;37.245;2065.2;1.50388;0.0268493;704.041
2605;35.2714;1947.74;1.47908;0.0283516;697.423
2630;47.7065;2769.65;1.55019;0.0209615;783.156
2655;47.0226;3283.02;1.52994;0.0212664;760.62
2680;43.6668;2649.96;1.54179;0.0229007;751.767
2705;50.1409;2918.14;1.57449;0.0199438;821.05
2730;46.2264;2750.47;1.54029;0.0216327;808.025
2755;60.208;3683.28;1.62468;0.0166091;861.788
2780;48.6935;2981.18;1.56619;0.0205366;826.528
2805;49.5187;2867.14;1.5893;0.0201944;821.181
2830;39.5933;2389.26;1.50141;0.0252568;768.232
2855;73.5475;11891.8;1.56357;0.0135967;889.997
2880;50.8729;2989.09;1.61181;0.0196568;859.097
2905;76.3694;16003;1.52014;0.0130943;886.988
2930;47.0655;2936.66;1.57133;0.021247;870.689
2955;50.1073;3547.09;1.57259;0.0199572;918.968
2980;47.851;2841.16;1.58725;0.0208982;876.635
3005;40.4329;2506.77;1.51248;0.0247323;836.915
3030;50.9125;3015.51;1.59934;0.0196415;933.095
3055;48.4308;3001.45;1.56072;0.020648;920.544
3080;51.574;3755.29;1.56753;0.0193896;930.237
3105;49.3572;3034.91;1.57166;0.0202605;928.835
3130;51.1802;3176.22;1.58882;0.0195388;939.997
3155;49.7556;3150.35;1.58225;0.0200982;912.062
3180;51.4874;3202.86;1.59843;0.0194222;955.822
3205;52.9204;3605.11;1.58222;0.0188963;975.541
3230;60.5709;4214.52;1.62508;0.0165096;1043.91
3255;45.0922;2886.74;1.54531;0.0221768;967.35
3280;47.4848;3525.95;1.55732;0.0210594;950.133
3305;54.2436;3635.44;1.59274;0.0184354;1015.76
3330;52.3997;3335.52;1.5958;0.0190841;1003.23
3355;58.3839;4081.35;1.61192;0.017128;1047.3
3380;66.4302;4876.81;1.63314;0.0150534;1140.34
3405;60.2088;3904.15;1.63877;0.0166089;1095.16
3430;53.8945;3929.97;1.58309;0.0185548;1057.11
3455;49.6281;3524.51;1.56411;0.0201499;1032.48
3480;56.9799;3660.36;1.62443;0.0175501;1088.81
3505;57.8856;3734.95;1.62111;0.0172755;1127.72
3530;53.0728;3925.72;1.58215;0.018842;1066.36
3555;41.8672;3310.18;1.50605;0.023885;994.24
3580;54.6087;4594.18;1.58575;0.0183121;1093.13
3605;63.7243;5749.35;1.62441;0.0156926;1150.69
3630;56.9419;4277.01;1.62755;0.0175618;1111.57
3655;48.5488;3449.74;1.56963;0.0205978;1087.87
3680;51.0565;3787.62;1.58179;0.0195861;1087.01
3705;58.9857;3974.98;1.62429;0.0169533;1154.04
3730;43.7676;2995.74;1.55121;0.022848;1039.99
3755;53.0509;3830.64;1.59707;0.0188498;1129.91
3780;55.1508;3726.31;1.6119;0.0181321;1166.87
3805;53.7133;3609.86;1.61051;0.0186174;1180.91
3830;65.8426;7291.08;1.63368;0.0151877;1227.68
3855;56.2202;3870.4;1.6179;0.0177872;1184.16
3880;52.7804;3639.78;1.60129;0.0189464;1183.14
3905;56.1931;4458.27;1.60743;0.0177958;1178.73
3930;52.2781;3585.13;1.58626;0.0191285;1207.99
3955;55.4526;4270.74;1.60329;0.0180334;1204.61
3980;55.852;4092.88;1.61307;0.0179045;1255.04
4005;56.7049;4209.25;1.59925;0.0176352;1254.22
4030;50.5749;4213.78;1.55409;0.0197726;1211.84
4055;52.8816;3891.7;1.5815;0.0189102;1198.91
4080;45.4534;3348.81;1.53186;0.0220005;1178.21
4105;50.9276;3647.4;1.58368;0.0196357;1229.69
4130;58.4358;4162.56;1.62906;0.0171128;1286.08
4155;56.8813;4091.65;1.61709;0.0175805;1299.16
4180;55.2553;4807.14;1.58517;0.0180978;1264.99
4205;59.4647;4421.54;1.62854;0.0168167;1330.9
4230;53.7;3862.46;1.60615;0.018622;1276.85
4255;57.3398;4233.09;1.61081;0.0174399;1308.64
4280;56.3879;4330.59;1.60304;0.0177343;1369.56
4305;55.0878;4169.73;1.60372;0.0181528;1338.42
4330;69.4686;8582.67;1.63949;0.014395;1440.24
4355;46.5623;3464.27;1.55545;0.0214766;1265.65
4380;44.6368;3400.18;1.52694;0.0224031;1263.09
4405;58.6817;5682.24;1.59364;0.0170411;1390.54
4430;61.8445;5505.47;1.63363;0.0161696;1367.83
4455;55.8554;4290.31;1.622;0.0179034;1365.27
4480;55.3121;4296.86;1.61138;0.0180792;1363.14
4505;61.0622;7616.43;1.59711;0.0163768;1395.21
4530;51.6265;5957.52;1.55453;0.0193699;1343.1
4555;42.5906;3557.9;1.50384;0.0234794;1269.84
4580;50.4356;3898.28;1.5821;0.0198273;1338.72
4605;57.5792;4257.97;1.63236;0.0173674;1425.48
4630;45.8108;3534.62;1.53888;0.0218289;1323.56
4655;54.6473;4181.53;1.58969;0.0182992;1420.95
4680;54.1906;4173.61;1.58974;0.0184534;1426.13
4705;52.552;3995.4;1.5966;0.0190288;1414.2
4730;96.8879;25669.3;1.60381;0.0103212;1615.34
4755;56.6292;4608.12;1.6143;0.0176587;1508.25
4780;56.5872;4447.44;1.61109;0.0176718;1463.71
4805;57.7863;4418.96;1.61623;0.0173052;1523.98
4830;54.1178;4263.88;1.60083;0.0184782;1475.43
4855;52.4253;4080.32;1.59011;0.0190747;1460.06
4880;60.485;5414.71;1.6416;0.016533;1512.4
4905;50.8767;4265.91;1.57676;0.0196554;1421.01
4930;58.0047;5787.69;1.59452;0.01724;1537.33
4955;54.7108;4252.03;1.60383;0.0182779;1477.84
4980;50.5936;4086.04;1.57028;0.0197654;1464.98
5005;59.5095;4744.09;1.62318;0.016804;1616.5
5030;60.6535;4872.05;1.62107;0.0164871;1625.73
5055;54.9401;4482.66;1.60851;0.0182017;1535.46
5080;60.8205;4692.75;1.6435;0.0164418;1610.27
5105;62.8494;6883.25;1.62272;0.0159111;1634.59
5130;56.9224;4514.68;1.62281;0.0175678;1585.43
5155;48.0791;3941.46;1.54374;0.020799;1518.55
5180;56.9247;4505.66;1.61332;0.0175671;1590.86
5205;58.1547;4871;1.61748;0.0171955;1641.97
5230;58.0654;4962.01;1.6218;0.017222;1644.8
5255;55.1692;4870.33;1.59163;0.0181261;1625.94
5280;60.4212;4886.24;1.64848;0.0165505;1681.28
5305;56.0139;4460.19;1.61508;0.0178527;1665.99
5330;53.8017;4306.55;1.61614;0.0185868;1605.68
5355;57.831;6267.81;1.60131;0.0172918;1699.27
5380;51.9385;4368.99;1.60465;0.0192535;1634.23
5405;54.1275;4376.28;1.60648;0.0184749;1690.36
5430;48.5571;4426.43;1.57772;0.0205943;1594.74
5455;54.4013;4347.43;1.61852;0.0183819;1710.39
5480;52.2726;4469.23;1.5927;0.0191305;1674.02
5505;54.7571;4406.77;1.61926;0.0182625;1682.28
5530;55.7004;4596.44;1.59693;0.0179532;1730.61
5555;56.8783;4805.42;1.61818;0.0175814;1704.89
5580;58.1701;4820.5;1.60753;0.017191;1795.57
5605;54.048;4804.45;1.59732;0.0185021;1708.59
5630;53.7487;4585.63;1.59538;0.0186051;1722.35
5655;61.3107;5041.21;1.65305;0.0163104;1821.22
5680;49.6842;4225.89;1.57553;0.0201271;1671.98
5705;54.6694;4608.16;1.60999;0.0182918;1734.83
5730;54.5871;4983.57;1.59354;0.0183194;1756.07
5755;46.6563;4098.91;1.54335;0.0214333;1653.24
5780;61.2867;5068.99;1.65121;0.0163168;1820.07
5805;55.9549;4751.96;1.60362;0.0178715;1782.77
5830;55.0686;5100.98;1.60034;0.0181592;1784.94
5855;43.8728;5690.44;1.49872;0.0227932;1640.19
5880;52.84;4541.27;1.59575;0.0189251;1775.35
5905;57.3235;5020.23;1.60931;0.0174449;1839.79
5930;53.9921;4663.99;1.59511;0.0185212;1805.13
5955;59.3595;5321.52;1.6361;0.0168465;1913.69
5980;53.7472;4631.84;1.58528;0.0186056;1872.47
6005;61.59;6080.34;1.63414;0.0162364;1905.84
6030;55.7609;4746.55;1.60066;0.0179337;1885.41
6055;57.0951;4994.07;1.60694;0.0175146;1924
6080;56.0558;5549.55;1.58849;0.0178394;1858.22
6105;50.3307;4968.49;1.56904;0.0198686;1809.39
6130;54.8346;6070.4;1.57863;0.0182367;1851.51
6155;68.9777;9827.99;1.65004;0.0144974;1989.28
6180;55.2502;4844.23;1.60081;0.0180995;1924.61
6205;61.782;6465.8;1.64093;0.016186;1978.18
6230;54.1576;4891.66;1.59021;0.0184646;1934.24
6255;56.1685;4938.8;1.61407;0.0178036;1935.81
6280;55.125;4795.01;1.61545;0.0181406;1954.78
6305;57.8877;4978.68;1.62427;0.0172748;1977
6330;46.2523;4240.4;1.54171;0.0216206;1853.06
6355;61.8087;6490.99;1.63084;0.016179;2014.14
6380;60.4909;6236.26;1.61991;0.0165314;2026.41
6405;46.4629;4255.45;1.54926;0.0215225;1857.07
6430;53.1182;4642.26;1.60342;0.0188259;1982.15
6455;60.162;5253.88;1.63439;0.0166218;2093.53
6480;57.0948;5907;1.60741;0.0175147;2077.62
6505;59.7728;9402.91;1.604;0.01673;2063.07
6530;56.8478;5206.67;1.59632;0.0175908;2089.29
6555;49.1439;4605.37;1.55622;0.0203484;1916.66
6580;55.8997;5590.3;1.5959;0.0178892;2003.08
6605;46.0577;5011.93;1.53641;0.0217119;1892.33
6630;56.5305;5074.61;1.61569;0.0176896;2099.39
6655;56.0945;5048.42;1.61818;0.0178271;2080.78
6680;57.0364;5118.37;1.6232;0.0175327;2068.18
6705;57.0221;5234.52;1.60537;0.0175371;2125.06
6730;55.6773;4961.86;1.61426;0.0179607;2106.05
6755;54.4306;4952.33;1.61643;0.018372;2064.8
6780;57.1984;5248.58;1.61593;0.017483;2127.94
6805;50.9683;4753.72;1.56885;0.0196201;2029.33
6830;59.5837;6233.09;1.61859;0.0167831;2173.01
6855;57.4916;5545.3;1.62713;0.0173938;2119.01
6880;52.3257;4822.64;1.5827;0.0191111;2093.72
6905;46.8972;4320.87;1.5567;0.0213232;1981.8
6930;52.6641;4878.68;1.58644;0.0189883;2088.22
6955;59.0423;5365.34;1.62617;0.016937;2225.21
6980;52.0915;4833.45;1.59384;0.019197;2091.43
7005;54.3449;5862.69;1.59829;0.018401;2138.48
7030;52.5058;4918.51;1.58933;0.0190455;2159.41
7055;55.2699;5113.11;1.59858;0.018093;2219.99
7080;56.3391;5340.51;1.61045;0.0177497;2185.23
7105;56.9795;5301.89;1.61027;0.0175502;2258.4
7130;57.7689;5268.09;1.63492;0.0173104;2231.39
7155;58.1378;6316.24;1.62208;0.0172005;2231.12
7180;60.5738;5493.54;1.64401;0.0165088;2304.55
7205;52.8286;5011.23;1.58793;0.0189291;2169.9
7230;55.5722;5151.86;1.61452;0.0179946;2240.88
7255;61.063;5539.67;1.65886;0.0163765;2379.96
